const short objectdata_map0[21][28] = {
{ -1951, 0, 0, 0, 0, 0, 0, 0, 0, 0, 0, 0, 0, 0, 0, 0, 
0, 0, 0, 0, 0, 0, 0, 0, 0, 0, 0, 0 },
{ 0, 0, 0, 0, 0, 0, 0, 0, 0, 0, 0, 0, 0, 0, 0, 0, 
0, 0, 0, 0, 0, 0, 0, 0, 0, 0, 0, 0 },
{ 0, 0, 0, 0, 0, 0, 0, 0, 0, 0, 0, 0, 0, 0, 0, 0, 
0, 0, 0, 0, 0, 0, 0, 0, 0, 0, 0, 0 },
{ 0, 0, 0, 0, 0, 0, 0, 0, 0, 0, 0, 0, 0, 0, 0, 0, 
0, 0, 0, 0, 0, 0, 0, 0, 0, 0, 0, 0 },
{ 0, 0, 0, 0, 0, 0, 0, 0, 0, 0, 0, 0, 0, 0, 0, 0, 
0, 0, 0, 0, 0, 0, 0, 0, 0, 0, 0, 0 },
{ 0, 0, 0, 0, 0, 0, 0, 0, 0, 0, 0, 0, 0, 0, 0, 0, 
0, 0, 0, 0, 0, 0, 0, 0, 0, 0, 0, 0 },
{ 0, 0, 0, 0, 0, 0, 0, 0, 0, 0, 0, 0, 0, 0, 0, 0, 
0, 0, 0, 0, 0, 0, 0, 0, 0, 0, 0, 0 },
{ 0, 0, 0, 0, -391, 0, 0, -2048, 0, 0, 0, 0, 0, 0, 0, 0, 
0, 0, 0, 0, 0, 0, 0, 0, 0, 0, 0, 0 },
{ 0, 0, 0, 0, 0, 0, 0, 0, 0, 0, 0, 0, 0, 0, 0, 0, 
0, 0, 0, 0, 0, 0, 0, 0, 0, 0, 0, 0 },
{ 0, 0, 0, 0, 0, 0, 0, 0, 0, 0, 0, 0, 0, 0, 0, 0, 
0, 0, 0, 0, 0, 0, 0, 0, 0, 0, 0, 0 },
{ 0, 0, 0, 0, 0, 0, 0, 0, 0, 0, 0, 0, 0, 0, 0, 0, 
0, 0, 0, 0, 0, 0, 0, 0, 0, 0, 0, 0 },
{ 0, 0, 0, 0, 0, 0, 0, 0, 0, 0, 0, 0, 0, 0, 0, 0, 
0, 0, 0, 0, 0, 0, 0, 0, 0, 0, 0, 0 },
{ 0, 0, 0, 0, 0, 0, 0, 0, 0, 0, 0, 0, 0, 0, 0, 0, 
0, 0, 0, 0, 0, 0, 0, 0, 0, 0, 0, 0 },
{ 0, 0, 0, 0, 0, 0, 0, 0, 0, 0, 0, 0, 0, 0, 0, 0, 
0, 0, 0, 0, 0, 0, 0, 0, 0, 0, 0, 0 },
{ 0, 0, 0, 0, 0, 0, 0, 0, 0, 0, 0, 0, 0, -1338, 0, 0, 
-1338, 0, 0, 0, 0, 0, 0, 0, 0, 0, 0, 0 },
{ -1274, 0, 0, -1338, 0, 0, -1338, 0, 0, -1274, 0, 0, -1338, 0, 0, -1338, 
0, 0, -1338, 0, 0, -1338, 0, 0, -1338, 0, 0, -1338 },
{ 0, 0, -1338, 0, 0, -1338, 0, 0, -1338, 0, 0, 0, 0, 0, 0, 0, 
0, 0, 0, 0, -1274, 0, 0, -1338, 0, 0, -1338, 0 },
{ 0, -1274, 0, 0, -1338, 0, 0, -1338, 0, 0, -1338, 0, 0, -1338, 0, 0, 
-1338, 0, 0, -1338, 0, 0, -1338, 0, 0, -1338, 0, 0 },
{ -1338, 0, 0, 0, 0, 0, 0, 0, 0, 0, 0, 0, -1274, 0, 0, -1338, 
0, 0, -1338, 0, 0, -1274, 0, 0, -1338, 0, 0, -1338 },
{ 0, 0, -1338, 0, 0, -1338, 0, 0, -1338, 0, 0, -1338, 0, 0, -1338, 0, 
0, -1338, 0, 0, -1338, 0, 0, 0, 0, 0, 0, 0 },
{ 0, 0, 0, 0, -1274, 0, 0, -1338, 0, 0, -1338, 0, 0, -1274, 0, 0, 
-1338, 0, 0, -1338, 0, 0, -1338, 0, 0, -1338, 0, 0 }
};

